50 0.2 0.3 0.1 0.001 0.000001 0.001 0
50 0.2 0.3 0.1 0.001 0.000001 0.001 0
50 0.2 0.3 0.1 0.001 0.000001 0.001 0
50 0.2 0.3 0.1 0.001 0.000001 0.001 0
50 0.4 0.3 0.1 0.001 0.000001 0.001 0
50 0.4 0.3 0.1 0.001 0.000001 0.001 0
50 0.4 0.3 0.1 0.001 0.000001 0.001 0
50 0.4 0.3 0.1 0.001 0.000001 0.001 0
50 0.2 0.3 0.2 0.001 0.000001 0.001 0
50 0.2 0.3 0.2 0.001 0.000001 0.001 0
50 0.2 0.3 0.2 0.001 0.000001 0.001 0
50 0.2 0.3 0.2 0.001 0.000001 0.001 0
50 0.2 0.1 0.1 0.001 0.000001 0.001 0
50 0.2 0.1 0.1 0.001 0.000001 0.001 0
50 0.2 0.1 0.1 0.001 0.000001 0.001 0
50 0.2 0.1 0.1 0.001 0.000001 0.001 0
50 0.2 0.3 0.1 0.001 0.000001 0.001 0
50 0.2 0.3 0.1 0.001 0.000001 0.001 0
50 0.2 0.3 0.1 0.001 0.000001 0.001 0
50 0.2 0.3 0.1 0.001 0.000001 0.001 0
50 0.4 0.3 0.1 0.001 0.000001 0.001 0
50 0.4 0.3 0.1 0.001 0.000001 0.001 0
50 0.4 0.3 0.1 0.001 0.000001 0.001 0
50 0.4 0.3 0.1 0.001 0.000001 0.001 0
50 0.2 0.3 0.2 0.001 0.000001 0.001 0
50 0.2 0.3 0.2 0.001 0.000001 0.001 0
50 0.2 0.3 0.2 0.001 0.000001 0.001 0
50 0.2 0.3 0.2 0.001 0.000001 0.001 0
50 0.2 0.1 0.1 0.001 0.000001 0.001 0
50 0.2 0.1 0.1 0.001 0.000001 0.001 0
50 0.2 0.1 0.1 0.001 0.000001 0.001 0
50 0.2 0.1 0.1 0.001 0.000001 0.001 0
50 0.2 0.3 0.1 0.001 0.000001 0.001 0
50 0.2 0.3 0.1 0.001 0.000001 0.001 0
50 0.2 0.3 0.1 0.001 0.000001 0.001 0
50 0.2 0.3 0.1 0.001 0.000001 0.001 0
50 0.4 0.3 0.1 0.001 0.000001 0.001 0
50 0.4 0.3 0.1 0.001 0.000001 0.001 0
50 0.4 0.3 0.1 0.001 0.000001 0.001 0
50 0.4 0.3 0.1 0.001 0.000001 0.001 0
50 0.2 0.3 0.2 0.001 0.000001 0.001 0
50 0.2 0.3 0.2 0.001 0.000001 0.001 0
50 0.2 0.3 0.2 0.001 0.000001 0.001 0
50 0.2 0.3 0.2 0.001 0.000001 0.001 0
50 0.2 0.1 0.1 0.001 0.000001 0.001 0
50 0.2 0.1 0.1 0.001 0.000001 0.001 0
50 0.2 0.1 0.1 0.001 0.000001 0.001 0
50 0.2 0.1 0.1 0.001 0.000001 0.001 0
50 0.2 0.3 0.1 0.001 0.000001 0.001 0
50 0.2 0.3 0.1 0.001 0.000001 0.001 0
50 0.2 0.3 0.1 0.001 0.000001 0.001 0
50 0.2 0.3 0.1 0.001 0.000001 0.001 0
50 0.4 0.3 0.1 0.001 0.000001 0.001 0
50 0.4 0.3 0.1 0.001 0.000001 0.001 0
50 0.4 0.3 0.1 0.001 0.000001 0.001 0
50 0.4 0.3 0.1 0.001 0.000001 0.001 0
50 0.2 0.3 0.2 0.001 0.000001 0.001 0
50 0.2 0.3 0.2 0.001 0.000001 0.001 0
50 0.2 0.3 0.2 0.001 0.000001 0.001 0
50 0.2 0.3 0.2 0.001 0.000001 0.001 0
50 0.2 0.1 0.1 0.001 0.000001 0.001 0
50 0.2 0.1 0.1 0.001 0.000001 0.001 0
50 0.2 0.1 0.1 0.001 0.000001 0.001 0
50 0.2 0.1 0.1 0.001 0.000001 0.001 0
