20 0.2 0.3 0.1 0.001 0.000001 0.01
20 0.2 0.3 0.1 0.001 0.000001 0.01
20 0.2 0.3 0.1 0.001 0.000001 0.01
20 0.2 0.3 0.1 0.001 0.000001 0.01
20 0.2 0.3 0.1 0.001 0.000001 0.01
20 0.2 0.3 0.1 0.001 0.000001 0.01
20 0.2 0.3 0.1 0.001 0.000001 0.01
20 0.2 0.3 0.1 0.001 0.000001 0.01
20 0.2 0.3 0.1 0.001 0.000001 0.01
20 0.2 0.3 0.1 0.001 0.000001 0.01
20 0.2 0.3 0.1 0.001 0.000001 0.01
20 0.2 0.3 0.1 0.001 0.000001 0.01
20 0.2 0.3 0.1 0.001 0.000001 0.01
20 0.2 0.3 0.1 0.001 0.000001 0.01
20 0.2 0.3 0.1 0.001 0.000001 0.01
20 0.2 0.3 0.1 0.001 0.000001 0.01
